1 0 3674
2 3674 2002
3 5676 3217
4 8893 2860
5 11753 7553
6 19306 417
7 19723 519
8 20242 11213
9 31455 4483
10 35938 3685
11 39623 9003
12 48626 3408
13 52034 2053
14 54087 2003
15 56090 7122
16 63212 6444
17 69656 3689
18 73345 2245
19 75590 14914
20 90504 6407
21 96911 1328
22 98239 1978
23 100217 2939
24 103156 2587
25 105743 2137
26 107880 1592
27 109472 747
28 110219 1392
29 111611 739
30 112350 389
31 112739 3986
33 116725 3057
34 119782 4161
35 123943 7580
36 131523 5425
37 136948 1364
39 138312 1174
40 139486 933
41 140419 1862
42 142281 2421
43 144702 5486
45 150188 8080
46 158268 2466
47 160734 919
48 161653 849
49 162502 1641
50 164143 2241
51 166384 7276
52 173660 1640
53 175300 4761
54 180061 2455
55 182516 3635
56 186151 2687
57 188838 6944
58 195782 2306
59 198088 3018
60 201106 4595
61 205701 2526
62 208227 2885
63 211112 1910
64 213022 1278
65 214300 4733
66 219033 1638
67 220671 1012
68 221683 1604
69 223287 1804
70 225091 4606
71 229697 1677
72 231374 2694
73 234068 9326
74 243394 1882
75 245276 2632
76 247908 9068
77 256976 3549
78 260525 6145
79 266670 3372
80 270042 2958
81 273000 7865
82 280865 1738
83 282603 2205
84 284808 1651
85 286459 967
86 287426 2391
87 289817 1682
88 291499 1783
89 293282 15029
90 308311 7369
91 315680 3142
92 318822 1681
93 320503 1415
94 321918 7677
95 329595 1995
96 331590 2118
97 333708 1788
98 335496 1688
99 337184 2081
100 339265 1163
101 340428 2812
102 343240 2700
103 345940 1248
104 347188 1103
105 348291 859
106 349150 979
107 350129 994
108 351123 2357
109 353480 1740
110 355220 1149
111 356369 901
112 357270 1132
113 358402 1355
114 359757 997
115 360754 1947
116 362701 2620
117 365321 1272
118 366593 2739
119 369332 2815
120 372147 2995
121 375142 1059
122 376201 3615
123 379816 2536
124 382352 4299
125 386651 3335
126 389986 5885
127 395871 3304
128 399175 920
129 400095 2326
130 402421 4615
132 407036 799
133 407835 5809
134 413644 1232
135 414876 6020
136 420896 874
137 421770 1617
138 423387 873
139 424260 3278
140 427538 6393
141 433931 827
142 434758 3417
143 438175 4042
144 442217 1248
145 443465 1082
146 444547 1802
147 446349 1535
148 447884 2496
149 450380 2495
150 452875 1748
151 454623 1379
152 456002 2907
153 458909 2436
154 461345 1568
155 462913 1861
156 464774 1081
157 465855 952
158 466807 3360
159 470167 1958
160 472125 1929
161 474054 2223
162 476277 1954
163 478231 3111
164 481342 1791
165 483133 3188
167 486321 518
168 486839 1105
169 487944 810
170 488754 2565
171 491319 1057
172 492376 2269
173 494645 1861
174 496506 1424
175 497930 724
176 498654 1676
177 500330 2533
178 502863 1565
179 504428 2284
180 506712 2384
181 509096 2246
182 511342 1067
183 512409 2514
184 514923 1424
185 516347 4168
186 520515 2106
187 522621 1791
189 524412 4208
190 528620 539
191 529159 831
192 529990 2561
193 532551 4219
194 536770 3551
195 540321 906
196 541227 4077
197 545304 3511
198 548815 1221
199 550036 2393
200 552429 2646
201 555075 9531
202 564606 7168
203 571774 9128
204 580902 11599
205 592501 15482
206 607983 8924
207 616907 13413
208 630320 12553
209 642873 8168
210 651041 20959
211 672000 12711
212 684711 43170
213 727881 22468
214 750349 21790
215 772139 8607
216 780746 2678
217 783424 2753
218 786177 1925
219 788102 2415
220 790517 7147
221 797664 1555
222 799219 1139
231 800358 795
232 801153 1118
233 802271 8061
234 810332 5533
235 815865 1322
236 817187 2005
237 819192 4746
238 823938 6766
239 830704 8159
240 838863 3903
241 842766 5498
242 848264 1239
243 849503 8818
244 858321 6024
245 864345 2063
246 866408 4442
247 870850 1938
248 872788 9311
249 882099 2400
250 884499 1271
251 885770 2924
252 888694 2157
253 890851 3013
254 893864 946
255 894810 3776
256 898586 2594
257 901180 1515
258 902695 3403
259 906098 1657
260 907755 6361
261 914116 2467
262 916583 2153
263 918736 5062
264 923798 8546
265 932344 5183
266 937527 1096
267 938623 1308
268 939931 1471
269 941402 2470
270 943872 2362
271 946234 1822
272 948056 3498
274 951554 3924
275 955478 3747
276 959225 443
277 959668 13394
278 973062 9611
279 982673 2462
280 985135 2086
281 987221 2431
282 989652 2657
283 992309 6368
284 998677 7983
285 1006660 5211
286 1011871 5931
287 1017802 4552
288 1022354 2498
289 1024852 2485
290 1027337 7397
291 1034734 8519
292 1043253 5413
293 1048666 651
294 1049317 2803
295 1052120 3254
296 1055374 1142
297 1056516 1778
298 1058294 1923
299 1060217 639
300 1060856 484
301 1061340 603
302 1061943 2575
303 1064518 2514
304 1067032 1921
305 1068953 5763
306 1074716 2034
307 1076750 3820
308 1080570 8142
309 1088712 4196
310 1092908 2384
311 1095292 1577
312 1096869 3008
313 1099877 1777
314 1101654 8315
315 1109969 1699
316 1111668 5309
317 1116977 1309
318 1118286 14584
319 1132870 1102
320 1133972 1324
321 1135296 5232
322 1140528 2506
323 1143034 3093
324 1146127 6860
325 1152987 6193
326 1159180 9166
327 1168346 11639
328 1179985 2075
329 1182060 6485
330 1188545 5766
331 1194311 9993
332 1204304 7697
333 1212001 200
334 1212201 236
336 1212437 188
337 1212625 222
338 1212847 200
339 1213047 245
340 1213292 5956
341 1219248 1229
342 1220477 4935
343 1225412 9941
344 1235353 5495
345 1240848 3030
346 1243878 1994
347 1245872 1959
348 1247831 2323
349 1250154 1825
350 1251979 1419
351 1253398 1501
352 1254899 1562
353 1256461 1638
354 1258099 3452
355 1261551 2545
356 1264096 15222
357 1279318 3289
358 1282607 7949
359 1290556 3677
360 1294233 3425
361 1297658 6142
362 1303800 2538
363 1306338 3687
364 1310025 2742
365 1312767 9334
366 1322101 1385
367 1323486 186
368 1323672 1931
369 1325603 4950
370 1330553 1402
371 1331955 1697
372 1333652 1835
373 1335487 2860
374 1338347 8142
375 1346489 7500
376 1353989 3489
377 1357478 9713
378 1367191 1645
379 1368836 953
380 1369789 1654
381 1371443 4131
382 1375574 3749
383 1379323 1024
384 1380347 15026
386 1395373 6474
387 1401847 3481
388 1405328 3492
389 1408820 1216
390 1410036 4788
391 1414824 763
392 1415587 501
393 1416088 7776
394 1423864 2840
395 1426704 3626
396 1430330 2717
397 1433047 1214
398 1434261 994
399 1435255 2145
401 1437400 200
403 1437600 11794
404 1449394 5303
405 1454697 5880
406 1460577 1762
407 1462339 1026
408 1463365 22608
409 1485973 1512
410 1487485 6603
411 1494088 6394
412 1500482 9542
413 1510024 1635
414 1511659 3781
415 1515440 2105
416 1517545 1949
417 1519494 1559
418 1521053 2556
419 1523609 2005
420 1525614 3742
421 1529356 939
422 1530295 1206
423 1531501 1920
424 1533421 1434
425 1534855 3803
426 1538658 5701
427 1544359 2233
428 1546592 2895
429 1549487 1499
430 1550986 5746
431 1556732 2655
432 1559387 1283
433 1560670 1263
434 1561933 1333
435 1563266 7892
436 1571158 1709
437 1572867 2823
438 1575690 1237
439 1576927 1426
440 1578353 5109
441 1583462 3035
442 1586497 1295
443 1587792 2779
444 1590571 1439
445 1592010 925
446 1592935 2763
447 1595698 1493
448 1597191 906
449 1598097 2965
450 1601062 1217
451 1602279 8733
452 1611012 2604
453 1613616 1623
454 1615239 2227
455 1617466 1985
456 1619451 6230
457 1625681 2073
458 1627754 1565
459 1629319 3138
460 1632457 4045
461 1636502 2678
462 1639180 2877
463 1642057 1035
464 1643092 1417
465 1644509 5488
467 1649997 3605
468 1653602 2065
469 1655667 5779
470 1661446 6742
471 1668188 1205
472 1669393 1487
473 1670880 355
474 1671235 2191
475 1673426 1737
476 1675163 2931
477 1678094 1217
479 1679311 912
480 1680223 1862
481 1682085 2963
482 1685048 6865
483 1691913 2656
484 1694569 1560
485 1696129 1765
486 1697894 1694
487 1699588 957
488 1700545 8909
489 1709454 5575
490 1715029 5633
491 1720662 5454
492 1726116 6689
493 1732805 2068
494 1734873 19394
495 1754267 7657
496 1761924 1813
497 1763737 1231
498 1764968 3011
499 1767979 1849
500 1769828 2687
501 1772515 4165
502 1776680 1410
503 1778090 585
504 1778675 6544
505 1785219 2406
506 1787625 1824
507 1789449 3340
508 1792789 1884
509 1794673 13662
510 1808335 538
511 1808873 1559
512 1810432 3032
513 1813464 2369
514 1815833 2833
515 1818666 18374
516 1837040 1583
517 1838623 3064
518 1841687 1091
519 1842778 587
520 1843365 1431
521 1844796 1641
522 1846437 1576
523 1848013 8823
524 1856836 7743
525 1864579 4372
526 1868951 2936
527 1871887 619
528 1872506 7701
529 1880207 4042
530 1884249 12432
531 1896681 4907
532 1901588 2539
533 1904127 3915
535 1908042 6269
536 1914311 2636
537 1916947 312
538 1917259 2350
539 1919609 3856
540 1923465 2805
541 1926270 13521
542 1939791 7891
543 1947682 1925
544 1949607 2796
545 1952403 1947
546 1954350 1865
547 1956215 3457
548 1959672 2232
549 1961904 3053
550 1964957 2007
551 1966964 1845
552 1968809 2207
553 1971016 2920
554 1973936 2843
555 1976779 1946
560 1978725 2597
561 1981322 3321
562 1984643 2184
563 1986827 1927
564 1988754 1790
565 1990544 2102
566 1992646 4489
567 1997135 3898
568 2001033 3788
569 2004821 3000
570 2007821 2468
571 2010289 2583
572 2012872 2348
573 2015220 2389
575 2017609 327
576 2017936 5854
579 2023790 9917
580 2033707 2801
581 2036508 948
582 2037456 4440
583 2041896 7162
585 2049058 3193
586 2052251 2671
587 2054922 2395
588 2057317 2614
589 2059931 3565
590 2063496 4352
591 2067848 2607
592 2070455 4983
593 2075438 2740
594 2078178 8223
595 2086401 2755
596 2089156 6268
597 2095424 2454
598 2097878 1232
599 2099110 17777
600 2116887 9834
601 2126721 2956
602 2129677 3244
603 2132921 5877
604 2138798 3472
605 2142270 1942
606 2144212 3077
607 2147289 4488
608 2151777 4353
609 2156130 3709
610 2159839 2992
611 2162831 24473
612 2187304 11272
613 2198576 16257
614 2214833 30618
615 2245451 3782
616 2249233 3136
617 2252369 5164
618 2257533 5551
619 2263084 4683
620 2267767 5519
621 2273286 1868
622 2275154 3835
623 2278989 6046
624 2285035 2453
625 2287488 4421
626 2291909 969
627 2292878 788
628 2293666 4160
629 2297826 2650
630 2300476 2954
631 2303430 1238
632 2304668 1931
633 2306599 2307
634 2308906 2701
635 2311607 2281
636 2313888 1284
637 2315172 4668
638 2319840 4552
639 2324392 3556
640 2327948 3114
641 2331062 4094
642 2335156 4465
643 2339621 2767
644 2342388 3814
645 2346202 2306
646 2348508 1736
647 2350244 2266
648 2352510 20446
649 2372956 3287
650 2376243 4074
651 2380317 1915
652 2382232 8691
653 2390923 2662
654 2393585 5292
655 2398877 5330
656 2404207 3670
657 2407877 4148
658 2412025 5911
659 2417936 3023
660 2420959 5446
661 2426405 1735
662 2428140 2616
663 2430756 5022
664 2435778 4778
665 2440556 3307
666 2443863 5405
667 2449268 5483
668 2454751 4272
669 2459023 2531
670 2461554 4404
671 2465958 7368
672 2473326 186
673 2473512 4719
674 2478231 171
675 2478402 901
676 2479303 791
677 2480094 2230
678 2482324 1770
679 2484094 934
680 2485028 1832
681 2486860 12102
682 2498962 4423
684 2503385 6865
685 2510250 9953
686 2520203 1113
688 2521316 3365
689 2524681 1398
690 2526079 3506
691 2529585 5350
692 2534935 4657
693 2539592 5525
697 2545117 2570
698 2547687 3925
705 2551612 592
706 2552204 1540
707 2553744 3299
708 2557043 1870
709 2558913 3258
710 2562171 5077
711 2567248 2097
712 2569345 5814
713 2575159 2298
714 2577457 4207
715 2581664 4905
716 2586569 8505
717 2595074 4225
718 2599299 3226
719 2602525 12788
720 2615313 4551
721 2619864 2371
722 2622235 2423
723 2624658 660
724 2625318 1359
725 2626677 10028
726 2636705 21658
727 2658363 869
728 2659232 3514
730 2662746 1418
731 2664164 1063
732 2665227 5714
733 2670941 1208
734 2672149 910
735 2673059 10821
736 2683880 1356
737 2685236 17603
738 2702839 9472
739 2712311 2844
740 2715155 3971
741 2719126 1356
742 2720482 4582
743 2725064 5956
744 2731020 1059
745 2732079 877
746 2732956 2296
747 2735252 8165
748 2743417 3248
749 2746665 1841
750 2748506 529
751 2749035 1548
752 2750583 2266
753 2752849 3808
754 2756657 5933
755 2762590 1330
756 2763920 3168
757 2767088 1236
758 2768324 1310
759 2769634 1098
760 2770732 5536
761 2776268 930
762 2777198 4363
763 2781561 342
764 2781903 8874
765 2790777 3590
766 2794367 1600
767 2795967 1338
768 2797305 6354
769 2803659 4039
770 2807698 1245
771 2808943 2930
772 2811873 2656
773 2814529 1773
774 2816302 4090
775 2820392 12815
776 2833207 1474
777 2834681 4003
778 2838684 3579
779 2842263 1364
780 2843627 1087
781 2844714 3958
782 2848672 6871
784 2855543 1578
785 2857121 1511
786 2858632 1448
787 2860080 2419
788 2862499 2150
789 2864649 1746
790 2866395 1763
791 2868158 1154
792 2869312 1635
793 2870947 803
794 2871750 7019
795 2878769 8089
796 2886858 1476
797 2888334 1082
798 2889416 4666
799 2894082 2421
800 2896503 1164
801 2897667 6432
802 2904099 1764
803 2905863 7510
804 2913373 2158
805 2915531 6386
806 2921917 3990
807 2925907 1390
808 2927297 8330
809 2935627 6855
810 2942482 9480
811 2951962 3623
812 2955585 2222
813 2957807 3388
814 2961195 4710
815 2965905 1672
816 2967577 7379
817 2974956 1293
818 2976249 1072
819 2977321 9039
820 2986360 11193
821 2997553 9211
822 3006764 15940
823 3022704 8712
824 3031416 8401
825 3039817 7335
826 3047152 11220
827 3058372 19464
828 3077836 13529
829 3091365 5470
830 3096835 488
831 3097323 827
832 3098150 3191
833 3101341 7330
834 3108671 535
835 3109206 1530
836 3110736 3455
837 3114191 2096
838 3116287 9144
839 3125431 8005
840 3133436 8559
841 3141995 4681
842 3146676 2681
843 3149357 4076
844 3153433 5069
845 3158502 7132
846 3165634 3400
847 3169034 2827
848 3171861 674
849 3172535 1047
850 3173582 1631
851 3175213 6647
852 3181860 1342
853 3183202 11408
854 3194610 6323
855 3200933 4418
856 3205351 25725
857 3231076 3741
858 3234817 5133
859 3239950 8372
860 3248322 9750
861 3258072 4621
862 3262693 6353
863 3269046 9579
864 3278625 12767
865 3291392 4664
866 3296056 10929
867 3306985 6255
868 3313240 5101
869 3318341 1750
870 3320091 3808
871 3323899 4761
872 3328660 3701
873 3332361 10687
874 3343048 9866
875 3352914 6797
876 3359711 6060
877 3365771 6563
878 3372334 5786
879 3378120 4080
880 3382200 3898
881 3386098 3487
882 3389585 3837
883 3393422 3326
884 3396748 12234
885 3408982 12824
886 3421806 4223
887 3426029 2855
888 3428884 5563
889 3434447 15874
890 3450321 4278
891 3454599 715
892 3455314 1199
893 3456513 4393
894 3460906 4370
895 3465276 2085
896 3467361 12994
897 3480355 6699
898 3487054 8804
899 3495858 7720
900 3503578 10675
901 3514253 214
902 3514467 6968
903 3521435 8936
904 3530371 2337
905 3532708 8143
906 3540851 8273
907 3549124 3891
908 3553015 5739
909 3558754 10239
910 3568993 2543
911 3571536 13677
912 3585213 4672
913 3589885 523
914 3590408 1531
915 3591939 3081
916 3595020 1302
917 3596322 5499
918 3601821 1248
919 3603069 1962
920 3605031 2668
921 3607699 2416
922 3610115 1214
924 3611329 6803
925 3618132 3172
926 3621304 2602
927 3623906 5236
928 3629142 1924
929 3631066 2574
930 3633640 4768
931 3638408 4723
932 3643131 4485
933 3647616 3094
934 3650710 7676
935 3658386 5797
936 3664183 3524
937 3667707 3341
938 3671048 2372
939 3673420 3492
940 3676912 2182
941 3679094 2047
942 3681141 9155
943 3690296 5401
944 3695697 7494
945 3703191 5417
946 3708608 4844
947 3713452 8223
948 3721675 11909
949 3733584 6317
950 3739901 1447
951 3741348 1872
952 3743220 983
953 3744203 5313
954 3749516 2967
955 3752483 685
956 3753168 4205
957 3757373 830
958 3758203 3163
959 3761366 748
960 3762114 935
961 3763049 4243
962 3767292 3685
963 3770977 1290
964 3772267 1822
965 3774089 1163
966 3775252 1651
967 3776903 893
968 3777796 2512
969 3780308 4385
970 3784693 4684
971 3789377 1116
972 3790493 2246
973 3792739 964
974 3793703 1975
975 3795678 904
976 3796582 1203
977 3797785 1493
978 3799278 567
979 3799845 3973
980 3803818 1457
981 3805275 4816
982 3810091 2488
983 3812579 2076
984 3814655 2498
985 3817153 2246
986 3819399 3489
987 3822888 1679
988 3824567 1133
989 3825700 2612
990 3828312 2033
991 3830345 1898
992 3832243 4292
993 3836535 14534
994 3851069 2119
995 3853188 6563
996 3859751 13698
997 3873449 9052
998 3882501 3708
999 3886209 4608
1000 3890817 3643
1001 3894460 5661
1002 3900121 1698
1004 3901819 3990
1005 3905809 1898
1006 3907707 9748
1007 3917455 6465
1008 3923920 2456
1009 3926376 4516
1010 3930892 7535
1011 3938427 2092
1012 3940519 3694
1013 3944213 4307
1014 3948520 1095
1015 3949615 2220
1016 3951835 188
1017 3952023 188
1019 3952211 200
1020 3952411 173
1021 3952584 214
1022 3952798 213
1023 3953011 213
1024 3953224 212
1025 3953436 215
1026 3953651 206
1027 3953857 188
1028 3954045 171
1029 3954216 176
1030 3954392 198
1031 3954590 195
1032 3954785 217
1033 3955002 192
1034 3955194 173
1035 3955367 179
1036 3955546 194
1037 3955740 188
1038 3955928 208
1039 3956136 209
1040 3956345 213
1041 3956558 209
1042 3956767 173
1043 3956940 201
1044 3957141 215
1045 3957356 195
1046 3957551 213
1047 3957764 188
1048 3957952 207
1049 3958159 212
1050 3958371 209
1051 3958580 216
1052 3958796 192
1053 3958988 219
1054 3959207 211
1055 3959418 214
1056 3959632 215
1057 3959847 209
1058 3960056 207
1059 3960263 202
1060 3960465 194
1061 3960659 179
1062 3960838 214
1063 3961052 206
1064 3961258 182
1065 3961440 167
1066 3961607 5120
1067 3966727 7818
1068 3974545 5307
1069 3979852 10982
1070 3990834 1832
1071 3992666 7252
1072 3999918 3679
1073 4003597 7908
1074 4011505 481
1078 4011986 3877
1079 4015863 755
1080 4016618 875
1081 4017493 5661
1082 4023154 1487
1083 4024641 2139
1084 4026780 2617
1085 4029397 3662
1086 4033059 3265
1087 4036324 2086
1088 4038410 4834
1089 4043244 10106
1090 4053350 591
1091 4053941 3159
1092 4057100 3453
1093 4060553 5310
1094 4065863 3762
1095 4069625 6234
1096 4075859 9832
1097 4085691 2079
1098 4087770 1634
1099 4089404 3123
1100 4092527 5570
1101 4098097 3665
1102 4101762 1985
1103 4103747 4389
1104 4108136 1368
1105 4109504 9437
1106 4118941 4568
1107 4123509 2580
1108 4126089 3570
1109 4129659 1781
1110 4131440 1486
1111 4132926 1502
1112 4134428 4709
1113 4139137 2892
1114 4142029 8538
1115 4150567 7762
1116 4158329 5298
1117 4163627 3040
1118 4166667 7131
1119 4173798 1202
1120 4175000 2801
1121 4177801 2585
1122 4180386 1948
1123 4182334 2315
1124 4184649 530
1125 4185179 5868
1126 4191047 521
1127 4191568 2073
1128 4193641 6610
1129 4200251 5869
1130 4206120 2517
1131 4208637 3072
1132 4211709 8925
1133 4220634 3611
1135 4224245 3036
1136 4227281 8931
1137 4236212 4017
1138 4240229 3376
1139 4243605 3619
1140 4247224 1473
1141 4248697 4474
1142 4253171 1025
1143 4254196 1777
1144 4255973 5584
1145 4261557 2094
1146 4263651 1797
1147 4265448 15810
1148 4281258 5909
1149 4287167 2256
1150 4289423 2620
1151 4292043 5391
1152 4297434 3919
1153 4301353 13719
1154 4315072 3822
1155 4318894 1851
1156 4320745 3620
1157 4324365 6552
1158 4330917 2961
1159 4333878 554
1160 4334432 4674
1161 4339106 4539
1162 4343645 2707
1163 4346352 4726
1164 4351078 2158
1165 4353236 741
1166 4353977 5610
1167 4359587 2552
1168 4362139 8538
1169 4370677 7349
1170 4378026 2418
1171 4380444 1465
1172 4381909 1645
1173 4383554 2677
1174 4386231 2581
1175 4388812 2255
1176 4391067 3067
1177 4394134 2072
1178 4396206 2989
1179 4399195 6902
1180 4406097 6356
1181 4412453 6840
1182 4419293 6716
1183 4426009 3945
1184 4429954 8053
1185 4438007 7733
1186 4445740 3121
1187 4448861 1803
1188 4450664 2983
1189 4453647 1613
1190 4455260 3027
1191 4458287 3440
1192 4461727 1861
1193 4463588 1530
1194 4465118 4764
1195 4469882 1746
1196 4471628 1524
1197 4473152 2467
1198 4475619 3618
1199 4479237 2067
1200 4481304 1462
1201 4482766 2811
1202 4485577 7788
1203 4493365 3331
1204 4496696 3615
1205 4500311 8869
1206 4509180 3734
1207 4512914 2819
1208 4515733 2199
1209 4517932 3565
1210 4521497 3492
1211 4524989 2074
1212 4527063 1590
1213 4528653 1798
1214 4530451 6349
1215 4536800 3197
1216 4539997 2238
1217 4542235 1862
1218 4544097 3419
1219 4547516 5501
1220 4553017 2005
1221 4555022 4133
1222 4559155 2716
1223 4561871 3754
1224 4565625 1750
1225 4567375 1539
1226 4568914 1540
1227 4570454 1622
1228 4572076 3634
1229 4575710 2730
1230 4578440 3961
1231 4582401 2375
1232 4584776 2394
1233 4587170 2580
1234 4589750 2374
1235 4592124 2507
1236 4594631 22613
1237 4617244 3207
1238 4620451 3601
1239 4624052 6306
1240 4630358 3088
1241 4633446 3297
1242 4636743 3409
1243 4640152 5209
1244 4645361 1609
1245 4646970 2589
1246 4649559 3414
1247 4652973 2450
1248 4655423 1080
1249 4656503 2360
1250 4658863 5075
1251 4663938 4212
1252 4668150 3013
1253 4671163 3771
1254 4674934 2637
1255 4677571 5412
1256 4682983 2525
1257 4685508 3768
1258 4689276 1098
1259 4690374 5275
1260 4695649 1442
1261 4697091 1215
1262 4698306 2043
1263 4700349 7420
1264 4707769 3324
1265 4711093 2535
1267 4713628 172
1268 4713800 200
1269 4714000 172
1270 4714172 4110
1271 4718282 5735
1272 4724017 9711
1273 4733728 7144
1274 4740872 8118
1275 4748990 17860
1276 4766850 185
1277 4767035 15539
1278 4782574 7366
1279 4789940 12332
1280 4802272 226
1281 4802498 172
1282 4802670 3893
1283 4806563 166
1284 4806729 33338
1285 4840067 2393
1286 4842460 2275
1287 4844735 4719
1288 4849454 3568
1289 4853022 2513
1290 4855535 4066
1291 4859601 2476
1292 4862077 6067
1293 4868144 8302
1294 4876446 187
1295 4876633 5881
1296 4882514 5662
1299 4888176 15603
1300 4903779 215
1301 4903994 7266
1302 4911260 216
1303 4911476 10297
1304 4921773 358
1306 4922131 12097
1307 4934228 6812
1308 4941040 16837
1309 4957877 4192
1310 4962069 5530
1311 4967599 3433
1312 4971032 4263
1313 4975295 4044
1314 4979339 6573
1315 4985912 3809
1316 4989721 5535
1317 4995256 3428
1318 4998684 4508
1319 5003192 212
1320 5003404 2825
1321 5006229 8735
1322 5014964 4105
1325 5019069 7217
1327 5026286 23974
1328 5050260 216
1329 5050476 15975
1331 5066451 206
1332 5066657 5819
1333 5072476 5555
1335 5078031 221
1337 5078252 174
1340 5078426 174
1342 5078600 185
1344 5078785 3707
1345 5082492 5155
1349 5087647 16614
1351 5104261 15889
1353 5120150 203
1354 5120353 282
1355 5120635 305
1356 5120940 186
1357 5121126 5759
1358 5126885 5694
1359 5132579 212
1360 5132791 276
1362 5133067 1722
1363 5134789 174
1364 5134963 263
1365 5135226 7369
1366 5142595 194
1367 5142789 10067
1368 5152856 237
1369 5153093 55257
1370 5208350 10319
1371 5218669 5394
1372 5224063 8825
1373 5232888 7574
1374 5240462 6428
1375 5246890 183
1376 5247073 16262
1377 5263335 6982
1378 5270317 214
1380 5270531 5399
1381 5275930 5280
1383 5281210 206
1384 5281416 6835
1387 5288251 192
1388 5288443 11760
1390 5300203 5296
1391 5305499 6569
1392 5312068 3912
1393 5315980 6292
1394 5322272 4982
1395 5327254 6871
1396 5334125 4197
1397 5338322 8184
1398 5346506 5009
1399 5351515 4513
1402 5356028 3155
1403 5359183 7955
1404 5367138 3773
1405 5370911 5406
1406 5376317 10434
1407 5386751 7480
1408 5394231 8213
1409 5402444 24578
1410 5427022 187
1411 5427209 15447
1413 5442656 194
1414 5442850 5423
1415 5448273 5141
1416 5453414 3464
1417 5456878 6818
1418 5463696 3478
1419 5467174 2941
1420 5470115 3616
1421 5473731 216
1423 5473947 15072
1424 5489019 172
1425 5489191 11807
1426 5500998 6811
1427 5507809 13915
1428 5521724 14225
1430 5535949 4923
1431 5540872 211
1432 5541083 185
1433 5541268 191
1434 5541459 185
1435 5541644 3689
1436 5545333 5250
1437 5550583 10023
1438 5560606 7498
1439 5568104 8261
1440 5576365 16760
1441 5593125 186
1442 5593311 15457
1444 5608768 173
1445 5608941 5477
1446 5614418 188
1447 5614606 5441
1448 5620047 5172
1449 5625219 6802
1450 5632021 216
1451 5632237 9888
1452 5642125 184
1453 5642309 11749
1454 5654058 6804
1455 5660862 211
1456 5661073 185
1459 5661258 3745
1460 5665003 5244
1461 5670247 10004
1462 5680251 7452
1463 5687703 8275
1464 5695978 16997
1466 5712975 15487
1468 5728462 209
1469 5728671 5540
1470 5734211 5236
1471 5739447 6811
1472 5746258 278
1473 5746536 9389
1474 5755925 173
1475 5756098 16162
1476 5772260 213
1477 5772473 6798
1479 5779271 11745
1480 5791016 6788
1482 5797804 206
1483 5798010 188
1484 5798198 200
1486 5798398 182
1487 5798580 188
1488 5798768 185
1493 5798953 15537
1494 5814490 215
1495 5814705 3384
1497 5818089 3647
1498 5821736 5434
1499 5827170 10012
1500 5837182 7462
1502 5844644 23504
1503 5868148 183
1504 5868331 5534
1505 5873865 5217
1509 5879082 9189
1510 5888271 11925
1512 5900196 187
1514 5900383 11758
1516 5912141 194
1517 5912335 166
1519 5912501 210
1521 5912711 5298
1523 5918009 7427
1524 5925436 8208
1525 5933644 17480
1526 5951124 179
1527 5951303 15526
1529 5966829 199
1530 5967028 5568
1531 5972596 5132
1533 5977728 225
1535 5977953 206
1536 5978159 8884
1537 5987043 173
1540 5987216 171
1541 5987387 3104
1542 5990491 192
1543 5990683 178
1544 5990861 160
1546 5991021 3653
1548 5994674 10009
1549 6004683 7392
1551 6012075 16985
1553 6029060 185
1554 6029245 15525
1555 6044770 9151
1557 6053921 205
1559 6054126 5223
1560 6059349 196
1561 6059545 187
1563 6059732 183
1564 6059915 16308
1566 6076223 6779
1569 6083002 187
1573 6083189 5855
1574 6089044 6200
1575 6095244 3856
1576 6099100 7649
1577 6106749 4698
1578 6111447 4466
1579 6115913 3594
1580 6119507 7391
1581 6126898 5044
1582 6131942 5052
1583 6136994 17225
1584 6154219 212
1585 6154431 3404
1587 6157835 3843
1590 6161678 7478
1591 6169156 8270
1592 6177426 24416
1593 6201842 173
1594 6202015 15528
1596 6217543 5869
1599 6223412 7071
1600 6230483 193
1601 6230676 5545
1603 6236221 3618
1605 6239839 215
1606 6240054 9826
1607 6249880 173
1610 6250053 234
1611 6250287 160
1612 6250447 224
1613 6250671 160
1614 6250831 3588
1615 6254419 5490
1616 6259909 10037
1617 6269946 7512
1618 6277458 8214
1619 6285672 17409
1620 6303081 185
1621 6303266 15613
1623 6318879 191
1626 6319070 5301
1628 6324371 252
1629 6324623 175
1630 6324798 178
1633 6324976 173
1636 6325149 220
1637 6325369 227
1638 6325596 4220
1640 6329816 15592
1641 6345408 160
1642 6345568 187
1643 6345755 167
1644 6345922 197
1645 6346119 6071
1646 6352190 5740
1647 6357930 10623
1648 6368553 210
1649 6368763 3542
1650 6372305 5488
1654 6377793 16724
1656 6394517 187
1657 6394704 5598
1660 6400302 244
1661 6400546 17142
1662 6417688 14757
1664 6432445 3283
1665 6435728 237
1666 6435965 6508
1668 6442473 9996
1669 6452469 173
1671 6452642 182
1673 6452824 184
1674 6453008 5717
1675 6458725 4322
1676 6463047 3301
1677 6466348 6036
1678 6472384 4818
1680 6477202 3944
1681 6481146 5469
1682 6486615 4747
1683 6491362 5736
1686 6497098 8042
1687 6505140 2754
1688 6507894 3307
1689 6511201 5724
1692 6516925 8377
1693 6525302 22527
1695 6547829 15549
1697 6563378 187
1698 6563565 5550
1699 6569115 5103
1701 6574218 236
1702 6574454 235
1703 6574689 10246
1704 6584935 192
1707 6585127 15191
1711 6600318 218
1713 6600536 2505
1715 6603041 9196
1716 6612237 6861
1717 6619098 7694
1718 6626792 16148
1719 6642940 192
1720 6643132 15441
1722 6658573 3039
1723 6661612 202
1724 6661814 5418
1725 6667232 5263
1727 6672495 202
1728 6672697 185
1729 6672882 263
1730 6673145 9491
1731 6682636 207
1732 6682843 56617
1734 6739460 198
1735 6739658 15597
1736 6755255 225
1737 6755480 5739
1739 6761219 181
1740 6761400 4962
1741 6766362 4948
1744 6771310 13057
1745 6784367 232
1746 6784599 10283
1747 6794882 186
1750 6795068 190
1751 6795258 196
1752 6795454 184
1754 6795638 3187
1755 6798825 6793
1757 6805618 4772
1758 6810390 5707
1759 6816097 7571
1760 6823668 7816
1761 6831484 5360
1762 6836844 7453
1763 6844297 4468
1764 6848765 3517
1765 6852282 4445
1766 6856727 8052
1767 6864779 11512
1768 6876291 2038
1769 6878329 3593
1770 6881922 5153
1771 6887075 5321
1772 6892396 5140
1773 6897536 6307
1774 6903843 1027
1775 6904870 7164
1776 6912034 2933
1777 6914967 9494
1778 6924461 4206
1779 6928667 6398
1780 6935065 2877
1781 6937942 1592
1782 6939534 2908
1783 6942442 3388
1784 6945830 1764
1785 6947594 5526
1786 6953120 9025
1787 6962145 183
1788 6962328 2284
1789 6964612 8392
1790 6973004 6779
1791 6979783 6438
1792 6986221 3678
1793 6989899 3371
1794 6993270 2877
1795 6996147 3404
1796 6999551 466
1797 7000017 2159
1798 7002176 3910
1799 7006086 3602
1800 7009688 2901
1801 7012589 3564
1802 7016153 2687
1803 7018840 6543
1804 7025383 9389
1805 7034772 8406
1806 7043178 10492
1807 7053670 9659
1808 7063329 10242
1809 7073571 7927
1810 7081498 5445
1811 7086943 6217
1812 7093160 7467
1813 7100627 3529
1814 7104156 3973
1816 7108129 1549
1817 7109678 1646
1818 7111324 3139
1819 7114463 3502
1822 7117965 5908
1824 7123873 4583
1825 7128456 3472
1826 7131928 11564
1827 7143492 5118
1829 7148610 4787
1830 7153397 1065
1831 7154462 4137
1832 7158599 3646
1833 7162245 3428
1834 7165673 4296
1835 7169969 4894
1836 7174863 4546
1837 7179409 7972
1838 7187381 2237
1839 7189618 5517
1840 7195135 4367
1841 7199502 6495
1842 7205997 4767
1843 7210764 2150
1845 7212914 1486
1846 7214400 3304
1847 7217704 4579
1848 7222283 4126
1849 7226409 6214
1850 7232623 8547
1851 7241170 1847
1852 7243017 5755
1853 7248772 7250
1854 7256022 1277
1855 7257299 3407
1856 7260706 4092
1857 7264798 1624
1858 7266422 7216
1859 7273638 2746
1860 7276384 10101
1861 7286485 4279
1862 7290764 5781
1863 7296545 808
1864 7297353 3739
1865 7301092 1969
1868 7303061 4242
1869 7307303 3602
1871 7310905 3048
1872 7313953 4813
1873 7318766 4099
1874 7322865 2620
1875 7325485 2721
1876 7328206 3569
1877 7331775 3468
1878 7335243 19802
1879 7355045 4005
1880 7359050 1259
1883 7360309 5342
1884 7365651 4315
1885 7369966 3790
1886 7373756 4366
1887 7378122 3066
1889 7381188 4301
1890 7385489 3742
1891 7389231 3177
1892 7392408 3993
1893 7396401 4159
1894 7400560 3542
1895 7404102 3649
1896 7407751 3805
1897 7411556 4000
1898 7415556 3470
1899 7419026 4316
1900 7423342 10497
1901 7433839 3769
1902 7437608 4725
1903 7442333 3509
1905 7445842 4782
1906 7450624 4191
1907 7454815 3957
1908 7458772 3484
1909 7462256 2851
1910 7465107 3089
1911 7468196 3130
1912 7471326 4058
1913 7475384 3264
1914 7478648 19340
1915 7497988 4352
1916 7502340 3400
1917 7505740 1554
1918 7507294 3452
1919 7510746 3514
1920 7514260 19527
1921 7533787 4679
1922 7538466 1516
1923 7539982 3419
1924 7543401 4854
1925 7548255 4152
1926 7552407 3348
1927 7555755 1232
1928 7556987 3459
1929 7560446 5451
1930 7565897 3781
1931 7569678 5071
1932 7574749 3176
1933 7577925 3285
1934 7581210 3636
1935 7584846 3727
1936 7588573 3480
1937 7592053 2734
1938 7594787 3235
1939 7598022 3645
1940 7601667 3192
1941 7604859 3545
1942 7608404 18925
1943 7627329 4507
1944 7631836 3779
1945 7635615 3616
1946 7639231 1594
1947 7640825 4326
1948 7645151 1239
1949 7646390 933
1950 7647323 2956
1951 7650279 4064
1952 7654343 3539
1953 7657882 2847
1954 7660729 3527
1955 7664256 2610
1956 7666866 1111
1957 7667977 4219
1958 7672196 19791
1960 7691987 4819
1961 7696806 3329
1962 7700135 4804
1963 7704939 3310
1964 7708249 3267
1965 7711516 3643
1966 7715159 4321
1967 7719480 5457
1968 7724937 3017
1969 7727954 2753
1970 7730707 3742
1971 7734449 2128
1972 7736577 4011
1973 7740588 13089
1974 7753677 2517
1975 7756194 1922
1976 7758116 3620
1977 7761736 3868
1978 7765604 3875
1979 7769479 1903
1980 7771382 5433
1981 7776815 6861
1982 7783676 2514
1983 7786190 4584
1984 7790774 6954
1985 7797728 1511
1986 7799239 2476
1987 7801715 2678
1988 7804393 807
1989 7805200 5355
1990 7810555 268
1991 7810823 846
1992 7811669 3568
1993 7815237 5931
1994 7821168 1246
1995 7822414 1391
1996 7823805 3677
1997 7827482 4596
1998 7832078 2392
1999 7834470 2209
2001 7836679 4074
2003 7840753 2943
2004 7843696 1150
2005 7844846 1792
2006 7846638 2011
2007 7848649 3128
2008 7851777 7138
2009 7858915 8587
2010 7867502 3972
2011 7871474 3990
2012 7875464 4630
2013 7880094 3917
2014 7884011 4644
2015 7888655 1171
2016 7889826 4230
2017 7894056 2722
2018 7896778 1730
2020 7898508 4054
2021 7902562 3876
2022 7906438 2896
2023 7909334 1304
2024 7910638 3173
2025 7913811 7705
2026 7921516 19011
2027 7940527 2211
2028 7942738 3789
2029 7946527 1661
2030 7948188 4250
2032 7952438 8868
2033 7961306 3146
2036 7964452 197
2038 7964649 8690
2039 7973339 5762
2040 7979101 2172
2041 7981273 4979
2042 7986252 1228
2043 7987480 3878
2045 7991358 1672
2046 7993030 3454
2047 7996484 2820
2048 7999304 6306
2050 8005610 1801
2051 8007411 6740
2052 8014151 3672
2053 8017823 10448
2054 8028271 6994
2055 8035265 4577
2056 8039842 3539
2057 8043381 6441
2058 8049822 9626
2060 8059448 2791
2061 8062239 2415
2062 8064654 4558
2063 8069212 8705
2064 8077917 1590
2065 8079507 4813
2066 8084320 2139
2067 8086459 1004
2068 8087463 5416
2069 8092879 1969
2070 8094848 1501
2071 8096349 1854
2072 8098203 1171
2073 8099374 1178
2074 8100552 6909
2075 8107461 3754
2076 8111215 1023
2077 8112238 2470
2078 8114708 2228
2079 8116936 3224
2080 8120160 2585
2081 8122745 29862
2082 8152607 1097
2083 8153704 1746
2084 8155450 5102
2085 8160552 1252
2086 8161804 1650
2087 8163454 1731
2088 8165185 2416
2089 8167601 1678
2090 8169279 1583
2091 8170862 2631
2092 8173493 3221
2093 8176714 4642
2094 8181356 1784
2095 8183140 957
2096 8184097 1495
2097 8185592 2053
2098 8187645 1528
2099 8189173 1799
2100 8190972 1289
2101 8192261 1905
2102 8194166 1624
2103 8195790 860
2104 8196650 2718
2105 8199368 1873
2106 8201241 6118
2107 8207359 2735
2108 8210094 1403
2109 8211497 1206
2110 8212703 2688
2111 8215391 1457
2112 8216848 2315
2113 8219163 1468
2114 8220631 1340
2115 8221971 2191
2116 8224162 1522
2117 8225684 1715
2118 8227399 5225
2119 8232624 2594
2120 8235218 5584
2121 8240802 1676
2122 8242478 1304
2123 8243782 2976
2124 8246758 1603
2125 8248361 2787
2126 8251148 1296
2127 8252444 864
2128 8253308 1606
2129 8254914 3995
2130 8258909 3236
2131 8262145 2993
2132 8265138 3365
2133 8268503 2712
2134 8271215 1409
2135 8272624 1373
2136 8273997 888
2137 8274885 2167
2138 8277052 1630
2139 8278682 1094
2140 8279776 3321
2141 8283097 3195
2142 8286292 3786
2143 8290078 1762
2144 8291840 4880
2147 8296720 1785
2148 8298505 973
2149 8299478 1274
2150 8300752 989
2151 8301741 1166
2152 8302907 5064
2153 8307971 2280
2154 8310251 1855
2155 8312106 1133
2156 8313239 1296
2157 8314535 1240
2158 8315775 4177
2159 8319952 1507
2160 8321459 2688
2161 8324147 2141
2162 8326288 1102
2163 8327390 1837
2164 8329227 4995
2165 8334222 2337
2166 8336559 748
2167 8337307 3227
2168 8340534 755
2170 8341289 6350
2171 8347639 5734
2172 8353373 10696
2173 8364069 3798
2174 8367867 1551
2175 8369418 2141
2177 8371559 4295
2178 8375854 6381
2179 8382235 3039
2180 8385274 6094
2181 8391368 6075
2182 8397443 1689
2183 8399132 6476
2184 8405608 3280
2185 8408888 6686
2186 8415574 8997
2187 8424571 1392
2188 8425963 2915
2189 8428878 1769
2190 8430647 3342
2191 8433989 5996
2192 8439985 6787
2193 8446772 6307
2194 8453079 6430
2195 8459509 9640
2196 8469149 9746
2197 8478895 1186
2198 8480081 718
2199 8480799 1152
2200 8481951 3802
2201 8485753 673
2202 8486426 5516
2203 8491942 1391
2204 8493333 2781
2205 8496114 2310
2206 8498424 5533
2207 8503957 12223
2208 8516180 2578
2209 8518758 26091
2210 8544849 3716
2211 8548565 4040
2212 8552605 12436
2213 8565041 4407
2214 8569448 3877
2215 8573325 14657
2216 8587982 12279
2217 8600261 3681
2218 8603942 1606
2219 8605548 9107
2220 8614655 1799
2221 8616454 689
2222 8617143 3237
2223 8620380 2848
2224 8623228 5825
2225 8629053 9588
2226 8638641 4037
2227 8642678 1140
2228 8643818 1753
2229 8645571 5506
2230 8651077 4603
2231 8655680 4534
2232 8660214 4400
2233 8664614 1848
2234 8666462 4352
2235 8670814 3668
2236 8674482 6170
2237 8680652 4197
2238 8684849 1101
2239 8685950 731
2240 8686681 8850
2241 8695531 3959
2242 8699490 7013
2243 8706503 1518
2244 8708021 2470
2245 8710491 1083
2246 8711574 1017
2247 8712591 1007
2248 8713598 5316
2249 8718914 10941
2250 8729855 742
2251 8730597 662
2252 8731259 4014
2253 8735273 10047
2254 8745320 1303
2256 8746623 840
2258 8747463 619
2259 8748082 979
2260 8749061 719
2261 8749780 1734
2262 8751514 12305
2263 8763819 4333
2264 8768152 11198
2265 8779350 3617
2266 8782967 1479
2267 8784446 3261
2268 8787707 1206
2269 8788913 1779
2270 8790692 4534
2271 8795226 1084
2272 8796310 4207
2273 8800517 1825
2274 8802342 2144
2275 8804486 218
2276 8804704 4943
2277 8809647 2615
2278 8812262 2600
2279 8814862 366
2280 8815228 1527
2281 8816755 1502
2282 8818257 2186
2283 8820443 1494
2284 8821937 1083
2285 8823020 2664
2286 8825684 1018
2287 8826702 334
2288 8827036 4571
2289 8831607 1285
2290 8832892 895
2291 8833787 3905
2292 8837692 1341
2293 8839033 3120
2294 8842153 2617
2295 8844770 541
2296 8845311 1290
2297 8846601 1240
2298 8847841 2498
2299 8850339 1198
2301 8851537 594
2302 8852131 1337
2303 8853468 7421
2307 8860889 7016
2309 8867905 1667
2310 8869572 1601
2311 8871173 2037
2312 8873210 1343
2313 8874553 511
2314 8875064 1355
2315 8876419 2295
2317 8878714 1540
2318 8880254 11529
2319 8891783 2055
2320 8893838 820
2321 8894658 923
2322 8895581 1064
2323 8896645 1824
2324 8898469 718
2325 8899187 11546
2326 8910733 1783
2327 8912516 2957
2328 8915473 3731
2329 8919204 951
2330 8920155 2207
2331 8922362 1230
2332 8923592 4754
2334 8928346 7038
2335 8935384 1044
2336 8936428 1782
2337 8938210 2565
2338 8940775 1487
2339 8942262 1249
2340 8943511 6644
2344 8950155 1659
2345 8951814 3002
2346 8954816 1326
2351 8956142 6453
2352 8962595 2698
2353 8965293 448
2354 8965741 4238
2355 8969979 525
2356 8970504 1486
2357 8971990 2123
2358 8974113 2790
2359 8976903 3169
2360 8980072 1376
2361 8981448 1533
2362 8982981 1136
2363 8984117 1451
2364 8985568 2350
2365 8987918 594
2366 8988512 9623
2367 8998135 2024
2368 9000159 1858
2369 9002017 2650
2370 9004667 3191
2371 9007858 9547
2372 9017405 3464
2373 9020869 8362
2374 9029231 2144
2375 9031375 1734
2376 9033109 1059
2377 9034168 1468
2378 9035636 1064
2379 9036700 1373
2380 9038073 5346
2381 9043419 4992
2382 9048411 2159
2383 9050570 1746
2384 9052316 4018
2385 9056334 2327
2386 9058661 2263
2389 9060924 1486
2390 9062410 4279
2391 9066689 1272
2392 9067961 1238
2393 9069199 1416
2394 9070615 1693
2395 9072308 5176
2396 9077484 2527
2397 9080011 1378
2398 9081389 3182
2399 9084571 10862
2403 9095433 1539
2404 9096972 2111
2405 9099083 7014
2406 9106097 1867
2408 9107964 3337
2409 9111301 1921
2410 9113222 12849
2411 9126071 5243
2412 9131314 4671
2413 9135985 1382
2414 9137367 2478
2415 9139845 2323
2416 9142168 2156
2417 9144324 3616
2418 9147940 1390
2419 9149330 11053
2420 9160383 1174
2421 9161557 679
2422 9162236 4745
2424 9166981 1300
2425 9168281 908
2427 9169189 3111
2428 9172300 1899
2429 9174199 2881
2430 9177080 977
2431 9178057 1320
2432 9179377 1361
2433 9180738 532
2434 9181270 3973
2436 9185243 4948
2437 9190191 3244
2438 9193435 2204
2439 9195639 865
2440 9196504 793
2441 9197297 1250
2443 9198547 1592
2444 9200139 773
2445 9200912 1685
2446 9202597 12960
2447 9215557 561
2448 9216118 1845
2449 9217963 2475
2450 9220438 2324
2451 9222762 2690
2452 9225452 1654
2453 9227106 625
2454 9227731 2164
2455 9229895 2199
2456 9232094 2202
2457 9234296 2328
2458 9236624 2137
2459 9238761 487
2460 9239248 2431
2461 9241679 1239
2462 9242918 3100
2463 9246018 1563
2464 9247581 713
2465 9248294 1049
2466 9249343 3335
2467 9252678 3684
2468 9256362 6347
2469 9262709 1488
2470 9264197 2681
2471 9266878 2094
2472 9268972 3106
2473 9272078 1604
2474 9273682 8505
2475 9282187 3497
2476 9285684 3387
2478 9289071 7908
2479 9296979 8185
2480 9305164 8616
2481 9313780 5677
2482 9319457 7393
2483 9326850 7057
2485 9333907 1795
2486 9335702 6415
2487 9342117 9039
2488 9351156 3868
2490 9355024 2728
2491 9357752 2402
2492 9360154 3866
2493 9364020 4814
2494 9368834 4256
2496 9373090 7040
2498 9380130 8473
2503 9388603 8304
2504 9396907 5412
2506 9402319 7585
2507 9409904 6646
2508 9416550 3455
2509 9420005 2890
2510 9422895 1059
2511 9423954 3057
2512 9427011 10603
2513 9437614 7550
2514 9445164 7604
2515 9452768 1044
2516 9453812 2972
2517 9456784 1797
2518 9458581 8030
2519 9466611 6928
2520 9473539 4065
2521 9477604 1035
2522 9478639 9562
2523 9488201 9618
2524 9497819 2699
2525 9500518 3797
2526 9504315 5679
2527 9509994 14756
2528 9524750 3048
2529 9527798 4451
2530 9532249 7875
2531 9540124 6482
2532 9546606 2510
2533 9549116 3853
2534 9552969 3796
2535 9556765 1862
2536 9558627 3389
2537 9562016 5053
2538 9567069 2243
2539 9569312 1109
2540 9570421 1366
2541 9571787 3998
2542 9575785 988
2543 9576773 3481
2544 9580254 3293
2545 9583547 3678
2546 9587225 3279
2547 9590504 2467
2548 9592971 989
2549 9593960 1258
2550 9595218 8054
2551 9603272 6989
2552 9610261 4476
2553 9614737 7281
2554 9622018 995
2555 9623013 3322
2556 9626335 9053
2557 9635388 2145
2558 9637533 6283
2559 9643816 6277
2560 9650093 1145
2561 9651238 816
2562 9652054 6803
2563 9658857 3584
2564 9662441 2683
2565 9665124 1026
2566 9666150 3757
2567 9669907 2427
2568 9672334 2052
2569 9674386 2521
2570 9676907 3445
2571 9680352 2472
2572 9682824 2526
2573 9685350 20195
2574 9705545 8415
2575 9713960 4388
2576 9718348 4493
2577 9722841 4162
2578 9727003 1552
2579 9728555 4504
2580 9733059 1382
2581 9734441 1200
2582 9735641 1498
2583 9737139 7445
2584 9744584 2198
2585 9746782 18044
2586 9764826 8897
2587 9773723 5694
2588 9779417 4043
2589 9783460 3567
2590 9787027 2064
2591 9789091 16391
2592 9805482 4478
2593 9809960 1166
2594 9811126 1939
2595 9813065 1367
2596 9814432 8194
2597 9822626 5190
2598 9827816 6863
2599 9834679 1853
2600 9836532 8151
2601 9844683 7548
2602 9852231 8491
2603 9860722 4970
2604 9865692 6714
2605 9872406 15110
2606 9887516 7560
2607 9895076 5100
2608 9900176 1389
2609 9901565 1590
2610 9903155 2172
2611 9905327 1366
2612 9906693 833
2613 9907526 6368
2614 9913894 2145
2615 9916039 8247
2616 9924286 4242
2617 9928528 1888
2618 9930416 5256
2619 9935672 5489
2620 9941161 9135
2621 9950296 4711
2622 9955007 9544
2623 9964551 3791
2624 9968342 1093
2625 9969435 1445
2626 9970880 1374
2627 9972254 9097
2628 9981351 315
2629 9981666 1746
2630 9983412 785
2631 9984197 1460
2632 9985657 12526
2633 9998183 8052
2634 10006235 4097
2635 10010332 5020
2636 10015352 4451
2637 10019803 8902
2638 10028705 2237
2639 10030942 5383
2640 10036325 2945
2641 10039270 3123
2642 10042393 1691
2643 10044084 8110
2644 10052194 3708
2645 10055902 14190
2646 10070092 3302
2647 10073394 3896
2648 10077290 4331
2649 10081621 11611
2650 10093232 949
2651 10094181 7979
2652 10102160 6246
2653 10108406 798
2654 10109204 5669
2655 10114873 15711
2656 10130584 930
2657 10131514 6054
2658 10137568 692
2659 10138260 5252
2660 10143512 7924
2661 10151436 1453
2662 10152889 4368
2663 10157257 717
2664 10157974 8894
2665 10166868 1371
2666 10168239 1036
2667 10169275 1093
2668 10170368 6671
2669 10177039 2162
2670 10179201 1937
2672 10181138 6198
2673 10187336 3615
2674 10190951 634
2675 10191585 1840
2676 10193425 3082
2677 10196507 1237
2678 10197744 2302
2679 10200046 1118
2680 10201164 3482
2681 10204646 4106
2682 10208752 4323
2683 10213075 6277
2684 10219352 3755
2685 10223107 717
2686 10223824 4278
2687 10228102 4082
2688 10232184 544
2689 10232728 1004
2690 10233732 1594
2691 10235326 3659
2692 10238985 3589
2693 10242574 4801
2694 10247375 2700
2695 10250075 2082
2696 10252157 3134
2697 10255291 809
2698 10256100 7153
2699 10263253 954
2700 10264207 3150
2701 10267357 2388
2702 10269745 2684
2704 10272429 2554
2705 10274983 4033
2706 10279016 2046
2707 10281062 1864
2708 10282926 4433
2709 10287359 1429
2710 10288788 4412
2711 10293200 3884
2712 10297084 5674
2714 10302758 4519
2716 10307277 1273
2717 10308550 2845
2718 10311395 6432
2719 10317827 2541
2720 10320368 3449
2721 10323817 2712
2722 10326529 2264
2724 10328793 773
2725 10329566 9089
2727 10338655 2210
2728 10340865 2524
2729 10343389 2397
2730 10345786 2371
2731 10348157 1351
2732 10349508 1139
2733 10350647 2949
2734 10353596 10143
2735 10363739 1283
2736 10365022 3969
2737 10368991 1119
2738 10370110 464
2739 10370574 10763
2740 10381337 1840
2741 10383177 3361
2742 10386538 3338
2743 10389876 3574
2744 10393450 9679
2745 10403129 2190
2746 10405319 1117
2747 10406436 783
2748 10407219 1053
2749 10408272 1836
2750 10410108 8502
2751 10418610 3450
2752 10422060 6333
2753 10428393 4808
2754 10433201 5602
2755 10438803 1712
2756 10440515 5358
2757 10445873 1696
2758 10447569 1721
2759 10449290 6813
2760 10456103 2768
2761 10458871 1502
2762 10460373 2071
2763 10462444 2584
2764 10465028 2582
2765 10467610 3762
2766 10471372 787
2767 10472159 1098
2768 10473257 2940
2769 10476197 4408
2770 10480605 9689
2771 10490294 2202
2772 10492496 3166
2773 10495662 2107
2774 10497769 2285
2775 10500054 26917
2776 10526971 1901
2777 10528872 1781
2778 10530653 5355
2780 10536008 2507
2781 10538515 3407
2782 10541922 4788
2783 10546710 3739
2784 10550449 3380
2785 10553829 15455
2786 10569284 4146
2787 10573430 3595
2788 10577025 10169
2789 10587194 1687
2790 10588881 1509
2791 10590390 5865
2792 10596255 10928
2793 10607183 5227
2794 10612410 3856
2795 10616266 2205
2796 10618471 1322
2797 10619793 680
2798 10620473 1541
2799 10622014 4647
2800 10626661 2742
2801 10629403 1960
2802 10631363 8777
2803 10640140 6259
2804 10646399 5193
2805 10651592 1980
2806 10653572 6481
2807 10660053 2977
2808 10663030 2945
2809 10665975 7501
2810 10673476 1705
2811 10675181 2048
2812 10677229 2595
2813 10679824 1708
2814 10681532 1616
2815 10683148 10878
2816 10694026 7603
2817 10701629 3384
2818 10705013 3052
2819 10708065 1907
2820 10709972 5579
2821 10715551 8178
2822 10723729 3212
2823 10726941 590
2824 10727531 3663
2825 10731194 5117
2826 10736311 6925
2827 10743236 937
2828 10744173 2379
2829 10746552 4364
2830 10750916 3568
2831 10754484 2911
2832 10757395 5642
2833 10763037 5103
2834 10768140 7344
2835 10775484 1132
2836 10776616 3945
2837 10780561 1359
2839 10781920 3301
2840 10785221 4390
2841 10789611 4879
2842 10794490 2354
2843 10796844 6070
2844 10802914 2290
2845 10805204 1720
2846 10806924 15328
2848 10822252 5407
2849 10827659 1386
2850 10829045 5683
2851 10834728 1403
2854 10836131 4610
2855 10840741 9751
2856 10850492 1741
2857 10852233 3483
2860 10855716 3925
2861 10859641 7889
2863 10867530 3805
2864 10871335 14106
2866 10885441 4996
2867 10890437 6540
2869 10896977 4231
2873 10901208 8637
2874 10909845 4035
2875 10913880 7528
2876 10921408 38464
2878 10959872 17854
2879 10977726 5288
2880 10983014 2771
2881 10985785 10534
2882 10996319 3784
2883 11000103 4723
2884 11004826 5407
2885 11010233 4826
2886 11015059 5245
2887 11020304 6728
2888 11027032 6484
2889 11033516 4679
2890 11038195 4150
2891 11042345 8948
2892 11051293 8397
2893 11059690 5474
2894 11065164 4274
2895 11069438 7432
2896 11076870 7899
2897 11084769 5649
2899 11090418 4465
2900 11094883 4959
2908 11099842 6333
2910 11106175 2814
2911 11108989 3480
2915 11112469 11906
2916 11124375 4238
2917 11128613 8209
2918 11136822 7847
2919 11144669 7989
2920 11152658 7302
2921 11159960 1632
2922 11161592 5251
2924 11166843 4604
2925 11171447 9428
2926 11180875 5308
2931 11186183 5550
2938 11191733 18412
2940 11210145 5364
2941 11215509 3397
2942 11218906 11462
2943 11230368 7876
2946 11238244 1233
2947 11239477 2131
2948 11241608 2859
2949 11244467 3663
2951 11248130 19754
2953 11267884 4299
2954 11272183 3523
2955 11275706 12552
2956 11288258 6778
2957 11295036 25729
2958 11320765 11218
2959 11331983 7094
2961 11339077 5947
2962 11345024 6351
2963 11351375 23566
2966 11374941 5083
2967 11380024 9703
2968 11389727 1651
2969 11391378 747
2970 11392125 732
2971 11392857 2921
2972 11395778 1872
2973 11397650 2313
2974 11399963 3180
2975 11403143 2892
2976 11406035 2947
2977 11408982 3015
2978 11411997 2446
2979 11414443 2477
2980 11416920 2546
2981 11419466 859
2982 11420325 1599
2983 11421924 5838
2984 11427762 2586
2985 11430348 1286
2986 11431634 2047
2987 11433681 1575
2988 11435256 2894
2989 11438150 5810
2990 11443960 1203
2991 11445163 2830
2992 11447993 1852
2993 11449845 1245
2994 11451090 1129
2995 11452219 1786
2996 11454005 5983
2997 11459988 1804
2998 11461792 3448
2999 11465240 1602
3000 11466842 620
3001 11467462 2712
3002 11470174 907
3003 11471081 5768
3004 11476849 5219
3005 11482068 1621
3006 11483689 772
3007 11484461 801
3008 11485262 2493
3009 11487755 5808
3010 11493563 3732
3012 11497295 3666
3015 11500961 3843
3021 11504804 3750
3022 11508554 3789
3027 11512343 631
3028 11512974 5796
3029 11518770 690
3030 11519460 2809
3031 11522269 2866
3032 11525135 1095
3033 11526230 1279
3034 11527509 7560
3035 11535069 1486
3036 11536555 2295
3037 11538850 2095
3038 11540945 1459
3039 11542404 974
3040 11543378 1704
3041 11545082 2623
3042 11547705 1913
3043 11549618 16986
3044 11566604 1550
3045 11568154 4843
3046 11572997 2112
3047 11575109 2816
3048 11577925 6249
3049 11584174 540
3050 11584714 4032
3051 11588746 2030
3052 11590776 1217
3053 11591993 4636
3054 11596629 856
3055 11597485 2120
3056 11599605 1897
3057 11601502 4162
3058 11605664 4690
3059 11610354 9208
3060 11619562 4119
3061 11623681 2706
3062 11626387 847
3063 11627234 812
3064 11628046 913
3065 11628959 1056
3066 11630015 3752
3067 11633767 1644
3068 11635411 2696
3069 11638107 2679
3070 11640786 516
3071 11641302 4142
3072 11645444 6059
3073 11651503 1739
3074 11653242 3574
3075 11656816 2452
3077 11659268 5762
3079 11665030 4928
3080 11669958 909
3081 11670867 1273
3082 11672140 2033
3083 11674173 4056
3084 11678229 3492
3085 11681721 598
3086 11682319 4045
3087 11686364 2898
3088 11689262 2848
3089 11692110 3493
3090 11695603 5595
3091 11701198 4634
3092 11705832 5078
3093 11710910 2706
3094 11713616 9131
3095 11722747 9369
3096 11732116 5537
3098 11737653 7342
3102 11744995 2579
3103 11747574 8333
3104 11755907 1309
3105 11757216 1883
3106 11759099 3083
3107 11762182 4514
3108 11766696 2022
3109 11768718 1204
3110 11769922 1222
3111 11771144 5274
3112 11776418 2783
3113 11779201 4014
3114 11783215 1140
3115 11784355 2023
3117 11786378 1340
3118 11787718 2894
3119 11790612 1587
3122 11792199 743
3123 11792942 538
3124 11793480 867
3125 11794347 677
3126 11795024 539
3127 11795563 575
3128 11796138 1344
3129 11797482 3519
3130 11801001 3732
3131 11804733 516
3132 11805249 2084
3133 11807333 1338
3134 11808671 3379
3136 11812050 3261
3137 11815311 5316
3138 11820627 3012
3139 11823639 3796
3140 11827435 3274
3141 11830709 3047
3143 11833756 1943
3144 11835699 3206
3146 11838905 217
3147 11839122 1941
3153 11841063 10038
3155 11851101 3823
3156 11854924 3440
3157 11858364 4213
3158 11862577 1521
3159 11864098 1461
3160 11865559 2356
3161 11867915 1953
3162 11869868 3099
3165 11872967 2389
3166 11875356 1969
3167 11877325 3131
3168 11880456 2443
3169 11882899 7748
3170 11890647 2657
3171 11893304 2016
3172 11895320 6191
3173 11901511 4235
3174 11905746 4356
3175 11910102 3784
3176 11913886 6846
3177 11920732 3598
3178 11924330 3286
3179 11927616 4614
3180 11932230 5257
3181 11937487 4439
3182 11941926 3415
3183 11945341 4119
3184 11949460 1145
3185 11950605 7930
3186 11958535 4565
3187 11963100 4381
3188 11967481 4370
3189 11971851 4084
3190 11975935 5554
3191 11981489 7776
3192 11989265 2345
3193 11991610 2131
3194 11993741 2944
3195 11996685 2940
3196 11999625 4605
3197 12004230 5415
3198 12009645 3162
3199 12012807 4086
3200 12016893 5421
3201 12022314 4676
3202 12026990 5101
3203 12032091 2488
3204 12034579 2728
3205 12037307 2968
3206 12040275 8240
3207 12048515 1234
3208 12049749 775
3209 12050524 197
3210 12050721 4145
3211 12054866 3335
3212 12058201 1549
3213 12059750 9914
3214 12069664 3051
3215 12072715 8725
3216 12081440 3955
3217 12085395 5226
3218 12090621 4918
3219 12095539 8562
3220 12104101 4783
3221 12108884 3917
3222 12112801 527
3223 12113328 4682
3224 12118010 4379
3225 12122389 3807
3226 12126196 5817
3227 12132013 7210
3228 12139223 6449
3229 12145672 2571
3230 12148243 3349
3231 12151592 967
3232 12152559 22867
3233 12175426 18535
3234 12193961 2584
3235 12196545 8443
3236 12204988 1650
3237 12206638 2399
3238 12209037 7114
3239 12216151 3332
3240 12219483 10968
3241 12230451 2877
3242 12233328 3507
3243 12236835 3221
3244 12240056 4822
3245 12244878 7244
3246 12252122 6892
3247 12259014 6177
3248 12265191 1069
3249 12266260 2787
3250 12269047 3442
3251 12272489 1053
3252 12273542 2441
3253 12275983 1558
3254 12277541 6304
3255 12283845 13581
3256 12297426 2100
3257 12299526 12907
3258 12312433 6447
3259 12318880 2878
3260 12321758 5024
3261 12326782 1962
3262 12328744 9028
3263 12337772 6552
3264 12344324 2480
3265 12346804 6393
3266 12353197 6366
3267 12359563 3585
3268 12363148 6848
3269 12369996 10145
3270 12380141 2179
3271 12382320 3675
3272 12385995 2341
3273 12388336 3708
3274 12392044 2947
3275 12394991 3777
3276 12398768 1628
3277 12400396 10123
3278 12410519 2149
3279 12412668 4974
3280 12417642 2423
3281 12420065 1520
3282 12421585 7941
3283 12429526 6761
3284 12436287 4451
3285 12440738 9593
3286 12450331 6398
3287 12456729 5732
3288 12462461 2876
3289 12465337 5679
3290 12471016 10416
3291 12481432 4311
3292 12485743 6140
3293 12491883 4636
3294 12496519 2282
3295 12498801 3431
3296 12502232 8885
3297 12511117 1813
3298 12512930 5742
3299 12518672 4045
3300 12522717 4049
3301 12526766 2617
3302 12529383 376
3303 12529759 1863
3304 12531622 7377
3305 12538999 4440
3306 12543439 2437
3307 12545876 1748
3308 12547624 3089
3309 12550713 3528
3310 12554241 2796
3311 12557037 5226
3312 12562263 1182
3313 12563445 1172
3314 12564617 3119
3315 12567736 7611
3316 12575347 7642
3317 12582989 1194
3318 12584183 6031
3319 12590214 1699
3320 12591913 2336
3321 12594249 4824
3322 12599073 1731
3323 12600804 3359
3324 12604163 1934
3325 12606097 1180
3326 12607277 2644
3327 12609921 680
3328 12610601 2804
3329 12613405 5200
3330 12618605 198
3331 12618803 1660
3332 12620463 2837
3333 12623300 4157
3334 12627457 1257
3335 12628714 1118
3336 12629832 1625
3337 12631457 1190
3338 12632647 1669
3339 12634316 832
3340 12635148 875
3341 12636023 3821
3342 12639844 840
3343 12640684 3118
3344 12643802 7831
3345 12651633 2550
3346 12654183 1514
3347 12655697 3164
3348 12658861 1167
3349 12660028 2703
3350 12662731 2358
3351 12665089 1355
3352 12666444 1039
3353 12667483 3677
3354 12671160 3073
3355 12674233 1472
3356 12675705 8322
3357 12684027 1472
3358 12685499 2062
3359 12687561 963
3360 12688524 1673
3361 12690197 1631
3362 12691828 923
3363 12692751 2433
3364 12695184 9624
3365 12704808 3958
3366 12708766 1999
3367 12710765 3120
3368 12713885 6308
3369 12720193 993
3371 12721186 947
3372 12722133 1157
3374 12723290 6310
3375 12729600 2839
3376 12732439 5068
3377 12737507 9079
3378 12746586 7364
3382 12753950 1519
3383 12755469 647
3384 12756116 3294
3386 12759410 2883
3387 12762293 2221
3388 12764514 5700
3390 12770214 4408
3391 12774622 697
3392 12775319 2563
3393 12777882 1547
3394 12779429 1144
3395 12780573 2521
3396 12783094 4371
3397 12787465 2920
3398 12790385 5418
3399 12795803 5853
3400 12801656 4456
3401 12806112 2763
3402 12808875 2077
3403 12810952 1079
3404 12812031 817
3405 12812848 2643
3406 12815491 5768
3408 12821259 1817
3409 12823076 1744
3411 12824820 1216
3412 12826036 2224
3413 12828260 2434
3414 12830694 1397
3415 12832091 576
3416 12832667 5004
3417 12837671 6108
3418 12843779 11610
3419 12855389 1227
3420 12856616 2352
3423 12858968 2192
3425 12861160 5185
3426 12866345 2440
3427 12868785 3026
3428 12871811 20051
3429 12891862 2854
3430 12894716 1622
3432 12896338 1767
3433 12898105 1469
3434 12899574 7342
3435 12906916 4596
3436 12911512 12576
3437 12924088 2412
3438 12926500 1832
3439 12928332 1455
3440 12929787 3118
3441 12932905 1383
3442 12934288 3874
3445 12938162 1346
3446 12939508 2394
3447 12941902 1969
3449 12943871 3450
3450 12947321 207
3451 12947528 980
3452 12948508 7296
3453 12955804 5200
3454 12961004 6553
3455 12967557 4429
3456 12971986 3699
3457 12975685 2751
3458 12978436 30783
3459 13009219 3957
3460 13013176 5242
3461 13018418 2854
3462 13021272 1967
3463 13023239 4728
3464 13027967 1231
3465 13029198 2563
3466 13031761 468
3467 13032229 3152
3468 13035381 2109
3469 13037490 10155
3470 13047645 1126
3471 13048771 1344
3472 13050115 5164
3474 13055279 6630
3475 13061909 7796
3476 13069705 1418
3477 13071123 1766
3478 13072889 2240
3479 13075129 3409
3480 13078538 1854
3481 13080392 2100
3482 13082492 6018
3483 13088510 2075
3484 13090585 1458
3485 13092043 1109
3486 13093152 3173
3487 13096325 6313
3488 13102638 1960
3489 13104598 2392
3490 13106990 2609
3491 13109599 2605
3492 13112204 3599
3493 13115803 1388
3494 13117191 8468
3495 13125659 3890
3497 13129549 10382
3499 13139931 7188
3501 13147119 3366
3502 13150485 6501
3503 13156986 4379
3504 13161365 4667
3505 13166032 3000
3506 13169032 1327
3507 13170359 3066
3508 13173425 1949
3509 13175374 1670
3510 13177044 1717
3511 13178761 3352
3512 13182113 2063
3513 13184176 2127
3514 13186303 986
3515 13187289 1891
3516 13189180 3950
3517 13193130 2200
3518 13195330 5378
3519 13200708 1743
3520 13202451 1890
3521 13204341 2542
3522 13206883 2192
3523 13209075 2375
3524 13211450 2169
3525 13213619 1789
3526 13215408 2381
3528 13217789 4960
3530 13222749 13681
3532 13236430 978
3533 13237408 14453
3534 13251861 1856
3535 13253717 1592
3536 13255309 1080
3537 13256389 1482
3538 13257871 1763
3539 13259634 6062
3540 13265696 2984
3541 13268680 3067
3542 13271747 2385
3543 13274132 1957
3544 13276089 2844
3545 13278933 5393
3546 13284326 15303
3547 13299629 7217
3548 13306846 3340
3549 13310186 3232
3550 13313418 2542
3551 13315960 2934
3552 13318894 1343
3553 13320237 2295
3554 13322532 5249
3555 13327781 1607
3556 13329388 1295
3558 13330683 1986
3560 13332669 2601
3561 13335270 2026
3562 13337296 1490
3563 13338786 1486
3564 13340272 1395
3565 13341667 2479
3566 13344146 4000
3567 13348146 4002
3568 13352148 4226
3569 13356374 16828
3570 13373202 2030
3572 13375232 14232
3573 13389464 8874
3574 13398338 8059
3575 13406397 4812
3576 13411209 11361
3577 13422570 3409
3578 13425979 5008
3579 13430987 4586
3590 13435573 24360
3591 13459933 2038
3592 13461971 4973
3593 13466944 4955
3594 13471899 5058
3595 13476957 4195
3596 13481152 3992
3597 13485144 3350
3598 13488494 23988
3599 13512482 1980
3600 13514462 4697
3601 13519159 5319
3602 13524478 15739
3604 13540217 1881
3605 13542098 5112
3606 13547210 5655
3607 13552865 3244
3608 13556109 6426
3609 13562535 7349
3620 13569884 33872
3621 13603756 1962
3622 13605718 4422
3623 13610140 5780
3624 13615920 4168
3625 13620088 2252
3626 13622340 21313
3627 13643653 5184
3628 13648837 4757
3629 13653594 4384
3630 13657978 2209
3631 13660187 4537
3632 13664724 4279
3633 13669003 5613
3634 13674616 4339
3635 13678955 22399
3636 13701354 4692
3637 13706046 3926
3638 13709972 5094
3639 13715066 2131
3640 13717197 4565
3641 13721762 5388
3642 13727150 5517
3643 13732667 3123
3644 13735790 5145
3645 13740935 5606
3646 13746541 6216
3647 13752757 3478
3648 13756235 5200
3649 13761435 4750
3650 13766185 4829
3651 13771014 3753
3652 13774767 6853
3653 13781620 4837
3654 13786457 4475
3655 13790932 2299
3656 13793231 24892
3657 13818123 4782
3658 13822905 5054
3659 13827959 9455
3660 13837414 10306
3661 13847720 4168
3662 13851888 4336
3664 13856224 5929
3665 13862153 24239
3666 13886392 2320
3667 13888712 5157
3669 13893869 5444
3670 13899313 3962
3671 13903275 3296
3672 13906571 3837
3673 13910408 4604
3674 13915012 4897
3675 13919909 18957
3677 13938866 4721
3678 13943587 8007
3679 13951594 7916
3680 13959510 2844
3681 13962354 5072
3682 13967426 7532
3683 13974958 5103
3694 13980061 23731
3696 14003792 3815
3697 14007607 6736
3698 14014343 4730
3699 14019073 4941
3700 14024014 3471
3701 14027485 15529
3702 14043014 4779
3703 14047793 4033
3704 14051826 4083
3706 14055909 4608
3707 14060517 9041
3708 14069558 4127
3709 14073685 4523
3710 14078208 4566
3711 14082774 3024
3712 14085798 8974
3713 14094772 8216
3715 14102988 3745
3716 14106733 5195
3717 14111928 5174
3718 14117102 4888
3719 14121990 18934
3720 14140924 4776
3721 14145700 6381
3722 14152081 2728
3723 14154809 3432
3724 14158241 5209
3725 14163450 2808
3726 14166258 10971
3727 14177229 4478
3738 14181707 22327
3739 14204034 2529
3740 14206563 4498
3741 14211061 4366
3742 14215427 5242
3743 14220669 2587
3744 14223256 4358
3745 14227614 3705
3746 14231319 4333
3747 14235652 6219
3748 14241871 26846
3749 14268717 2522
3750 14271239 5324
3751 14276563 202
3752 14276765 185
3753 14276950 5147
3754 14282097 15985
3755 14298082 2164
3756 14300246 2527
3757 14302773 4091
3758 14306864 3172
3759 14310036 4172
3760 14314208 3596
3761 14317804 10992
3762 14328796 10439
3763 14339235 5481
3764 14344716 13105
3774 14357821 6672
3775 14364493 4936
3776 14369429 31978
3777 14401407 2259
3778 14403666 13169
3779 14416835 11045
3780 14427880 7185
3781 14435065 3639
3782 14438704 12557
3783 14451261 4442
3784 14455703 2957
3785 14458660 8457
3786 14467117 2703
3787 14469820 3285
3788 14473105 2274
3789 14475379 4420
3790 14479799 16410
3791 14496209 2330
3792 14498539 4297
3793 14502836 7292
3794 14510128 4374
3795 14514502 1987
3796 14516489 5630
3797 14522119 21780
3798 14543899 2323
3799 14546222 1948
3800 14548170 2453
3801 14550623 2816
3802 14553439 18591
3803 14572030 4312
3804 14576342 6581
3805 14582923 9896
3806 14592819 4696
3807 14597515 4493
3808 14602008 3842
3809 14605850 1946
3810 14607796 6774
3811 14614570 2740
3812 14617310 5068
3813 14622378 3327
3814 14625705 7204
3815 14632909 3616
3816 14636525 4909
3817 14641434 7057
3818 14648491 4641
3819 14653132 5714
3820 14658846 4401
3821 14663247 2224
3822 14665471 22528
3823 14687999 4676
3824 14692675 3830
3825 14696505 13558
3826 14710063 2082
3827 14712145 2085
3828 14714230 2193
3829 14716423 3002
3830 14719425 1744
3831 14721169 19551
3832 14740720 4527
3833 14745247 3838
3834 14749085 4760
3835 14753845 2722
3839 14756567 2424
3840 14758991 3019
3841 14762010 22864
3842 14784874 4550
3843 14789424 7337
3844 14796761 2294
3845 14799055 4115
3846 14803170 2025
3847 14805195 2051
3848 14807246 3824
3849 14811070 6177
3850 14817247 5859
3851 14823106 4415
3852 14827521 4747
3853 14832268 5349
3854 14837617 3872
3855 14841489 4835
3856 14846324 4575
3857 14850899 24632
3858 14875531 2278
3859 14877809 4165
3860 14881974 4165
3861 14886139 4679
3862 14890818 2681
3864 14893499 2481
3865 14895980 2481
3866 14898461 2886
3867 14901347 16760
3868 14918107 4506
3869 14922613 4529
3870 14927142 2129
3871 14929271 8375
3872 14937646 2438
3873 14940084 2935
3874 14943019 2849
3875 14945868 2909
3876 14948777 20578
3877 14969355 5453
3878 14974808 4198
3879 14979006 10152
3880 14989158 10924
3881 15000082 2334
3882 15002416 4588
3883 15007004 2920
3884 15009924 5247
3885 15015171 4066
3886 15019237 6626
3887 15025863 6834
3888 15032697 3495
3889 15036192 4246
3890 15040438 3202
3891 15043640 4805
3892 15048445 1983
3893 15050428 5151
3894 15055579 23885
3895 15079464 2233
3896 15081697 4038
3897 15085735 4306
3898 15090041 211
3899 15090252 2466
3900 15092718 15656
3901 15108374 2307
3902 15110681 3184
3903 15113865 4222
3904 15118087 2719
3905 15120806 2522
3906 15123328 21515
3907 15144843 4221
3908 15149064 16524
3909 15165588 4080
3911 15169668 4298
3912 15173966 17145
3913 15191111 4622
3914 15195733 2146
3915 15197879 13009
3916 15210888 9780
3917 15220668 5307
3918 15225975 5612
3919 15231587 3020
3921 15234607 9046
3922 15243653 5655
3923 15249308 5178
3924 15254486 7151
3925 15261637 6887
3926 15268524 6697
3927 15275221 5219
3928 15280440 29423
3929 15309863 3318
3930 15313181 3984
3931 15317165 5565
3932 15322730 2698
3933 15325428 7648
3934 15333076 1970
3935 15335046 2348
3936 15337394 3048
3937 15340442 4435
3938 15344877 3090
3939 15347967 2709
3940 15350676 3863
3942 15354539 21311
3943 15375850 5732
3944 15381582 7473
3945 15389055 4207
3946 15393262 4677
3947 15397939 1970
3948 15399909 6256
3949 15406165 2908
3950 15409073 2534
3951 15411607 2256
3952 15413863 3114
3953 15416977 13820
3954 15430797 4279
3955 15435076 4687
3956 15439763 1883
3957 15441646 4530
3958 15446176 5643
3959 15451819 2321
3960 15454140 2461
3961 15456601 4665
3962 15461266 3606
3963 15464872 9129
3964 15474001 7537
3965 15481538 4165
3966 15485703 5305
3967 15491008 3038
3968 15494046 16004
3969 15510050 5043
3970 15515093 6042
3971 15521135 4420
3972 15525555 2303
3973 15527858 2725
3974 15530583 2057
3975 15532640 2895
3976 15535535 2509
3977 15538044 12965
3979 15551009 4858
3980 15555867 7335
3981 15563202 2067
3982 15565269 6246
3983 15571515 12386
3986 15583901 2270
3987 15586171 7419
3988 15593590 2288
3989 15595878 3191
3990 15599069 2513
3991 15601582 2766
3992 15604348 17451
3993 15621799 4124
3994 15625923 5271
3996 15631194 2361
3997 15633555 6469
3999 15640024 4652
4000 15644676 3651
4001 15648327 1909
4002 15650236 4080
4003 15654316 4523
4005 15658839 4395
4006 15663234 5179
4007 15668413 2198
4008 15670611 22403
4010 15693014 4001
4011 15697015 3729
4012 15700744 4137
4013 15704881 2806
4014 15707687 2484
4015 15710171 16994
4017 15727165 3343
4018 15730508 2209
4019 15732717 1623
4020 15734340 2560
4022 15736900 14499
4023 15751399 3867
4024 15755266 12939
4025 15768205 4634
4026 15772839 3448
4027 15776287 2149
4028 15778436 5334
4029 15783770 1982
4030 15785752 2498
4032 15788250 14992
4033 15803242 3761
4034 15807003 4639
4035 15811642 3566
4036 15815208 2513
4037 15817721 2819
4038 15820540 4676
4039 15825216 8269
4040 15833485 6720
4041 15840205 9424
4042 15849629 3601
4043 15853230 3787
4044 15857017 3962
4045 15860979 2282
4046 15863261 7711
4047 15870972 21542
4048 15892514 9807
4049 15902321 7054
4050 15909375 5194
4051 15914569 5211
4052 15919780 6046
4053 15925826 5959
4054 15931785 6031
4055 15937816 3604
4056 15941420 4373
4057 15945793 4775
4058 15950568 4710
4059 15955278 5057
4060 15960335 4805
4061 15965140 2496
4062 15967636 2314
4063 15969950 4707
4064 15974657 21806
4065 15996463 1473
4066 15997936 1606
4067 15999542 218
4068 15999760 2812
4069 16002572 940
4070 16003512 1090
4071 16004602 15466
4072 16020068 6406
4073 16026474 13928
4074 16040402 736
4075 16041138 2769
4076 16043907 2051
4077 16045958 2599
4078 16048557 2778
4079 16051335 1771
4080 16053106 19950
4081 16073056 9037
4082 16082093 3571
4083 16085664 3553
4084 16089217 3394
4085 16092611 2098
4086 16094709 3340
4087 16098049 419
4089 16098468 2901
4092 16101369 4087
4094 16105456 2959
4095 16108415 921
4096 16109336 682
4098 16110018 3826
4099 16113844 227
4100 16114071 28527
4101 16142598 4186
4102 16146784 7370
4103 16154154 9287
4104 16163441 30154
4105 16193595 19597
4106 16213192 949
4107 16214141 611
4108 16214752 2323
4109 16217075 1613
4110 16218688 4964
4111 16223652 3314
4112 16226966 4047
4113 16231013 2499
4114 16233512 4590
4115 16238102 1143
4116 16239245 1998
4117 16241243 665
4118 16241908 410
4119 16242318 9876
4120 16252194 2294
4121 16254488 850
4122 16255338 30299
4123 16285637 3522
4124 16289159 903
4125 16290062 2575
4126 16292637 3105
4127 16295742 325
4128 16296067 7189
4129 16303256 18950
4130 16322206 5685
4131 16327891 1301
4132 16329192 2178
4133 16331370 2346
4134 16333716 2607
4137 16336323 8961
4138 16345284 3628
4140 16348912 2349
4141 16351261 21986
4142 16373247 844
4143 16374091 380
4144 16374471 1146
4145 16375617 3824
4146 16379441 1122
4147 16380563 3519
4148 16384082 3249
4149 16387331 1576
4150 16388907 1345
4151 16390252 2015
4152 16392267 2146
4154 16394413 1294
4155 16395707 3880
4156 16399587 527
4157 16400114 6446
4158 16406560 2562
4159 16409122 3652
4160 16412774 792
4161 16413566 1266
4162 16414832 2388
4163 16417220 663
4164 16417883 769
4165 16418652 4996
4166 16423648 2695
4167 16426343 734
4168 16427077 5935
4169 16433012 3318
4170 16436330 8927
4171 16445257 4004
4172 16449261 2034
4173 16451295 3409
4174 16454704 7562
4175 16462266 2628
4176 16464894 2721
4177 16467615 9626
4178 16477241 19234
4179 16496475 3104
4180 16499579 2745
4181 16502324 5352
4182 16507676 2250
4183 16509926 4254
4184 16514180 6574
4185 16520754 966
4186 16521720 4879
4187 16526599 8269
4188 16534868 5343
4189 16540211 6651
4190 16546862 927
4191 16547789 3782
4192 16551571 2947
4193 16554518 3583
4194 16558101 2545
4195 16560646 3704
4196 16564350 4682
4197 16569032 9598
4198 16578630 9602
4199 16588232 11511
4200 16599743 2158
4201 16601901 4791
4202 16606692 3009
4203 16609701 1651
4204 16611352 5779
4205 16617131 2034
4206 16619165 1928
4207 16621093 8366
4208 16629459 8775
4209 16638234 2760
4210 16640994 4486
4211 16645480 3147
4212 16648627 1949
4213 16650576 10617
4214 16661193 6281
4215 16667474 4893
4216 16672367 5299
4217 16677666 1326
4218 16678992 1863
4219 16680855 3608
4220 16684463 205
4221 16684668 3701
4222 16688369 2537
4223 16690906 7665
4224 16698571 6986
4225 16705557 6467
4226 16712024 8772
4227 16720796 3154
4228 16723950 2816
4229 16726766 1853
4230 16728619 7048
4231 16735667 3425
4232 16739092 2656
4233 16741748 1176
4234 16742924 11606
4235 16754530 10826
4236 16765356 9870
4237 16775226 6907
4238 16782133 8862
4239 16790995 2286
4240 16793281 517
4241 16793798 2776
4242 16796574 620
4244 16797194 4291
4245 16801485 2323
4246 16803808 9163
4247 16812971 6507
4248 16819478 1570
4249 16821048 7400
4250 16828448 2739
4251 16831187 7673
4252 16838860 4476
4253 16843336 2943
4254 16846279 6305
4255 16852584 9241
4256 16861825 2976
4257 16864801 4382
4258 16869183 3900
4259 16873083 1723
4260 16874806 6509
4261 16881315 5462
4262 16886777 5225
4263 16892002 8015
4264 16900017 1848
4265 16901865 2827
4266 16904692 6676
4267 16911368 8197
4268 16919565 3686
4269 16923251 4997
4270 16928248 3484
4271 16931732 1873
4272 16933605 987
4273 16934592 1402
4274 16935994 1169
4275 16937163 2095
4276 16939258 1295
4277 16940553 1735
4278 16942288 1800
4279 16944088 2155
4280 16946243 1799
4281 16948042 7645
4282 16955687 18264
4283 16973951 3869
4284 16977820 4404
4285 16982224 3342
4286 16985566 3549
4287 16989115 10445
4288 16999560 4060
4289 17003620 1218
4290 17004838 893
4291 17005731 1502
4292 17007233 967
4293 17008200 1966
4294 17010166 4457
4295 17014623 1632
4296 17016255 6163
4297 17022418 7662
4298 17030080 1967
4299 17032047 3989
4300 17036036 2665
4301 17038701 4760
4302 17043461 8811
4303 17052272 4957
4304 17057229 7965
4305 17065194 4782
4306 17069976 10014
4307 17079990 2169
4308 17082159 1609
4309 17083768 2088
4310 17085856 1860
4311 17087716 2423
4312 17090139 2849
4313 17092988 2574
4314 17095562 13243
4315 17108805 2483
4316 17111288 2233
4317 17113521 2473
4318 17115994 3076
4319 17119070 1564
4320 17120634 10138
4322 17130772 4704
4323 17135476 6986
4324 17142462 3654
4325 17146116 3417
4326 17149533 2843
4327 17152376 5862
4328 17158238 3079
4329 17161317 5813
4330 17167130 4768
4331 17171898 13671
4332 17185569 3828
4333 17189397 2957
4334 17192354 1586
4335 17193940 8091
4336 17202031 5683
4337 17207714 12479
4338 17220193 3805
4339 17223998 2176
4340 17226174 5461
4341 17231635 5813
4342 17237448 7894
4343 17245342 10126
4344 17255468 3595
4345 17259063 3375
4346 17262438 2159
4348 17264597 3765
4349 17268362 2006
4350 17270368 1466
4351 17271834 7366
4352 17279200 1022
4353 17280222 944
4354 17281166 1647
4355 17282813 3251
4356 17286064 1827
4357 17287891 4036
4359 17291927 4004
4360 17295931 1393
4361 17297324 4905
4362 17302229 2600
4363 17304829 1750
4364 17306579 1976
4365 17308555 1486
